base: [ 0, 0, 0 ]
background: [0.0784314, 0.0823529, 0.0862745 ]
text: [ 1, 1, 1 ]
decoration: [0.784314, 0.784314, 0.784314]
colored: [ 1, 0.196078, 0 ]
