base: [0.0784314, 0.0823529, 0.0862745 ]
text: [0.784314, 0.784314, 0.784314]
highlight: [ 1, 0.196078, 0 ]
