base: [ 0.0627451, 0.0745098, 0.101961 ]
text: [ 0.831373, 0.905882, 0.917647 ]
highlight: [ 0.1, 1, 0.4 ]
