base: [ 0.176471, 0.188235, 0.196078 ]
background: [ 0.235294, 0.254902, 0.27451 ]
text: [ 1, 1, 1 ]
decoration: [ 0.784314, 0.784314, 0.784314 ]
colored: [ 1, 0.784314, 0.196078 ]
