base: [ 0.235294, 0.254902, 0.27451 ]
text: [ 0.784314, 0.784314, 0.784314 ]
highlight: [ 1, 0.784314, 0.196078 ]
