base: [ 0.98, 0.98, 0.98 ]
text: [ 0.117647, 0.156863, 0.196078 ]
highlight: [ 0, 0.39, 0.78 ]
