base: [ 1, 1, 1 ]
background: [ 1, 1, 1 ]
text: [ 0, 0, 0 ]
decoration: [ 0.117647, 0.156863, 0.196078 ]
colored: [ 0, 0.39, 0.78 ]
