base: [ 0, 0, 0 ]
background: [ 0.0784314, 0.0862745, 0.0980392 ]
text: [ 1, 1, 1 ]
decoration: [ 0.784314, 0.941176, 0.901961 ]
colored: [ 0.392157, 1, 0.784314 ]
